 5,	1,	1,	90.9,	2.25,	3	0,	2	1.9,	90,	45.8,	100,	1.46,	1.9,	4	4,	491,	0.79,
 35	1	1	80.4	2.96	3	0	10	3.64	70	72.5	100	1.73	1.7	4	4	480	0.81
 45	1	1	68.4	5.71	11	11	2	1.94	30	45.1	100	1.45	1.3	4	4	468	0.58
 13	1	1	62.2	3.94	11	0	20	2.9	80	43.9	100	1.44	1.8	4	4	462	0.75
 62	1	0	83.0	3	5	2	5	2	100	65	100	1.65	2	4	3	483	0.88
 9	0	0	79.2	8.71	5	0	5	2.14	100	53.8	100	1.54	2	4	4	479	0.85
 40	0	1	57.6	3.53	5	15	18	0.88	20	49.1	75	1.12	0.9	1	1	158	0.48
 36	1	1	62.4	5.21	10	17	2	3.42	40	33	50	0.67	0.7	1	1	162	0.41
 63	0	0	42.1	8.55	15	9	23	2.4	70	53.3	62.5	0.96	1.0625	1	1	142	0.62
 62	0	0	40.6	8.57	13	12	23	2.8	60	56.7	87.5	1.37	1.4	4	4	441	0.68
